750
341 339 
475 474 
115 114 
841 840 
744 740 
995 993 
51 49 
817 816 
402 401 
93 91 
833 832 
392 390 
262 259 
371 368 
388 386 
286 
78 
204 200 
717 716 
250 249 
847 846 
287 
155 153 
689 686 
544 543 
796 795 
622 620 
8 6 
482 481 
789 788 
984 982 
137 134 
383 382 
617 615 
55 54 
960 958 
162 161 
443 438 
632 631 
685 684 
104 102 
338 337 
248 246 
70 
150 147 
930 929 
838 837 
95 94 
288 285 
26 20 
582 581 
715 714 
688 
454 452 
513 512 
619 618 
436 
414 413 
182 180 
835 834 
280 273 
417 415 
457 
868 866 
573 572 
903 902 
670 668 
915 912 
410 409 
363 359 
814 813 
146 144 
253 252 
934 932 
923 
495 494 
585 583 
899 
44 40 
169 168 
612 609 
234 231 
471 470 
862 861 
195 191 
179 
810 808 
991 990 
290 289 
897 894 
503 501 
584 
237 236 
18 15 
244 243 
558 553 
563 562 
12 10 
157 156 
344 343 
469 466 
824 818 
165 163 
101 99 
130 129 
304 297 
408 407 
737 735 
271 270 
265 
395 394 
331 330 
175 173 
199 198 
242 238 
113 
731 726 
856 853 
850 
801 800 
73 
957 956 
405 403 
185 183 
806 805 
522 521 
858 857 
881 879 
547 545 
350 345 
458 455 
876 873 
119 118 
72 71 
437 434 
5 
108 105 
949 947 
355 353 
815 
133 131 
566 564 
828 825 
781 774 
143 138 
387 
125 
951 
570 
82 80 
172 171 
373 372 
760 759 
798 797 
47 46 
676 675 
703 701 
376 375 
683 681 
215 214 
424 422 
511 510 
11 
794 793 
465 464 
638 
940 937 
30 27 
32 31 
152 151 
625 624 
318 310 
539 
590 589 
461 459 
661 660 
336 335 
281 
228 
492 490 
227 226 
711 710 
643 637 
769 765 
327 324 
117 116 
812 
918 916 
994 
128 126 
664 662 
974 973 
698 697 
302 
28 
872 871 
721 720 
811 
67 66 
257 256 
761 
988 985 
758 753 
906 
775 
22 
217 
127 
366 365 
88 86 
472 
920 919 
53 52 
529 528 
190 188 
535 534 
674 673 
524 523 
571 568 
497 
264 263 
37 36 
254 
196 
307 306 
653 651 
885 884 
666 665 
509 
557 
221 218 
241 
61 59 
478 476 
216 
160 158 
468 
965 961 
58 57 
580 579 
709 705 
527 525 
124 123 
979 977 
432 428 
630 628 
261 
224 223 
487 484 
802 
943 941 
87 
752 751 
518 517 
294 
103 
773 770 
451 
745 
763 762 
445 444 
953 952 
598 595 
247 
255 
696 695 
928 927 
139 
550 
187 
892 891 
260 
79 76 
322 321 
272 
65 64 
659 657 
779 
23 
567 
596 
416 
399 398 
367 
269 266 
89 
300 
393 
962 
552 548 
275 
109 
820 
181 
546 
149 
645 
588 
4 
314 
34 
578 577 
201 
724 
887 
197 
449 447 
313 
531 
559 
479 
50 
83 
860 
21 
203 
38 
211 
736 
488 
301 
728 
732 
504 
329 
600 599 
202 
911 910 
555 
890 
493 
551 
348 
439 
480 
896 
19 
391 
924 
219 
278 
723 
499 
532 
877 
2 0 
999 996 
636 635 
936 
803 
485 
13 
606 
230 
381 
848 
623 
502 
830 
594 
712 
845 
969 
725 
81 
450 
542 537 
145 
768 
385 384 
364 
644 
309 
536 
576 
3 
295 291 
889 
950 
901 898 
785 
97 96 
411 
148 
777 
209 
608 607 
746 
913 
883 882 
320 
968 967 
508 
406 
446 
939 
526 
867 
328 
671 
776 
964 
605 
433 
41 
771 
560 
677 
435 
268 
516 
799 
167 
561 
647 
500 
739 
427 426 
729 
922 
880 
154 
483 
654 
549 
836 
277 
423 
756 
603 601 
498 496 
831 
85 84 
90 
92 
514 
222 
869 
864 
997 
998 
954 
69 68 
296 
634 633 
43 
166 
942 
541 
467 
194 
963 
7 
614 
176 
207 206 
507 
430 
333 
429 
648 
292 
629 
626 
893 
347 
98 
140 
909 904 
667 
981 980 
389 
349 
706 
888 
702 
360 
473 
616 
755 
184 
9 
60 
587 586 
334 
356 
992 
641 
35 
358 
233 
404 
370 
159 
704 
279 
178 
839 
48 
935 
757 
106 
926 
754 
298 
855 
25 
602 
792 
986 
530 
627 
849 
679 
819 
111 
419 418 
972 
463 
905 
189 
663 
907 
208 
852 
878 
829 
743 
251 
946 945 
75 
142 
362 
440 
719 
613 
727 
305 
707 
462 
970 
575 
267 
692 
120 
456 
900 
750 749 
650 
700 699 
24 
100 
826 
352 
361 
778 
332 
396 
682 
229 
225 
245 
210 
319 
311 
610 
442 
783 782 
604 
713 
870 
687 
669 
865 
786 
708 
886 
283 
284 
597 
844 
823 
460 
874 
787 
944 
193 
369 
554 
987 
533 
742 
921 
821 
400 
232 
863 
591 
346 
377 
62 
718 
640 
652 
658 
177 
933 
39 
29 
342 
656 
213 
978 
722 
827 
804 
299 
240 
565 
854 
379 
851 
212 
174 
121 
136 
312 
421 
925 
112 
807 
574 
274 
931 
611 
741 
235 
519 
45 
14 
975 
315 
966 
875 
453 
843 
822 
63 
505 
593 
303 
730 
672 
733 
378 
989 
205 
77 
809 
380 
693 
917 
976 
491 
107 
258 
351 
357 
317 
486 
690 
790 
842 
540 
791 
908 
186 
276 
132 
506 
1 
914 
323 
489 
110 
293 
938 
694 
239 
738 
412 
425 
374 
520 
983 
354 
680 
642 
538 
955 
678 
747 
621 
316 
17 
895 
420 
74 
639 
164 
515 
569 
959 
556 
431 
170 
325 
441 
649 
655 
326 
340 
859 
772 
397 
592 
764 
767 
16 
135 
33 
477 
42 
141 
646 
766 
784 
192 
220 
282 
308 
448 
691 
734 
748 
780 
948 
971 
56 
122 
